After 0 frames



After 6 frames
0


After 12 frames58.28346038653329 171.89996759124364 258.26421632012926 231.0489031446131 170.08845774354583 126.29924182055586 143.75964019592192 42.81047257085004 72.93041453226326 69.38245022823375 134.5626706414833
11


After 18 frames59.68327258498816 177.52787719930558 234.11216919754486 223.97243617094708 223.4042257318945 109.40490758450282 78.16124517654193 35.12716417949424 73.8041445079215 18.170301872671306 258.94830688120834 129.46238009294922
12
6.999060992274337 28.139548040309705 -120.76023561292203 -35.38233486833008 266.5788399417434 -84.4716711802652 176.75386302845942 -189.01625176384508 22.10847139843878 -581.9618438440599

After 24 frames79.9738267003868 153.33977985015994 165.98298271492922 229.90087848830245 174.68398985683962 107.0866760583887 67.83308350113064 14.249871928423907 22.096233489536562 164.2967466792971 152.8965881634353 72.14904635036736
12
101.45277057699317 -120.94048674572818 -340.6459324130782 29.64221158677688 -243.60117937527448 -11.591157630570592 -51.6408083770564 -104.38646125535165 -258.53955509192474 -473.25780100955626 117.1710403524304

After 30 frames69.17591349253846 139.3940618642041 127.19656878675326 252.82648074825005 165.5574404772157 146.4892268347497 50.039197278794326 52.390246272568376 132.3467683833393 656.2070624178662 23.11612540673117 91.44823291591501 34.90354489442843
13
-53.989566039241694 -69.72858992977919 -193.9320696408798 114.62801129973798 -45.63274689811962 197.01275388180497 -88.96943111168159 151.47006391515907 -159.7498914797889 2516.5523712721542 -245.16460471818093

After 36 frames106.7175143675765 147.56389117335863 197.31031609997638 232.14572586738427 206.3067726805078 125.17660288420846 156.09273971599654 63.489060913050686 105.21755641169258 290.5516184302949 230.5707946077474 103.72387699572963 133.44563462871812
13
187.7080043751902 40.84914654577261 350.56873656611555 -103.40377440432889 203.74666101646056 -106.56311975270619 530.2677121860111 55.49407320241155 -135.64605985823363 -1828.277219937856 1037.2733460050808 61.37822039907306 492.7104486714485

After 42 frames91.49629165909151 117.77759538157954 157.46856118935133 298.7284271508575 260.1508547274532 127.3500801150992 49.25392644332529 143.1905009466846 174.40656607389153 105.89623644155874 251.249410660434 79.01451082440438 39.283441039830294
13
-76.10611354242494 -148.9314789588954 -199.2087745531252 332.91350641736614 269.22041023472684 10.867386154453698 -534.1940663633562 189.86472267496012 -580.7252617820169 10.86179722914558 938.8017487369166 -757.7814189167151 -470.81096794443914

After 48 frames67.02363070726868 113.02068477506997 119.01511607090941 163.07670591967667 182.44969692156022 153.2960599930591 173.32766596810848 33.762349532471575 66.4738399578955 84.95678354850612 43.49329892070694 60.62149834085067 101.81508371296648 77.69891556623811
14
-122.36330475911416 -23.78455303254789 -192.2672255922096 -678.2586061559041 -388.5057890294648 129.7298993897994 620.3686976239159 -923.8778535126924 -291.1685869908924 -654.5663357659229 -91.96506241776855 -20.40576364296129 192.0773726320391

After 54 frames88.52573012806207 127.30917991683671 181.07145552956192 117.7124889905381 237.6234188859595 149.16141215262977 128.66802278442123 23.157625303979597 256.5799310068593 39.129644343177524 93.08281535332921 44.334016471193195
12
107.51049710396693 71.44247570883373 310.2816972932625 -226.82108464569282 275.86860982199636 -20.67323920214662 -223.29821591843626 -216.58107326957952 858.1157372917659 -107.45926998836573 -43.66134179818637 -166.82449547522458

After 60 frames111.6785560797183 107.59583057597898 168.0255791350713 178.3137522673834 147.00987395061657 144.11294226061705 60.302150750814086 54.363849583542816 224.9907654457939 43.396233796801525 90.88230273319162 107.19470688849935
12
115.7641297582812 -98.56674670428866 -65.2293819724531 303.0063163842264 -453.06772467671465 -25.242349460063593 -341.82936016803563 156.0311213978161 -157.94582780532693 21.33294726812 -11.002563100687937 314.3034520865308

